38180294
38180364
38180370
38180406
38180410
38180450
38180452
38180454
38180456
38180514
38180520
38180618
38180620
38180656
38180658
38180660
38180664
38180666
38180676
38180678
38180682
38180800
38180802
38180804
38180834
38180838
38180840
38180894
38180896
38180900
38180904
38181006
38181008
38181028
38181030
38181038
38181042
38181044
38181142
38181144
38181146
38181148
38181150
38181152
38181206
38181208
38181210
38181212
38181214
38181216
38181268
38181270
38181304
38181308
38181312
38181316
38181320
38181322
38181352
38181354
38181356
38181358
38181364
38181366
38181460
38181462
38181488
38181492
38181494
38181528
38181530
38181532
38181596
38181600
38181616
38181618
38181622
38181626
38181628
38181630
38181632
38181634
38181636
38181638
38181640
38181642
38181676
38181680
38181682
38181690
38181694
38181706
38181708
38181712
38181714
38181718
38181720
38181734
38181798
38181804
38181904
38181920
38181924
38181926
38181928
38181934
38181936
38181938
38181978
38182098
38182100
38182102
38182104
38182108
38182110
38182134
38182166
38182190
38182192
38182198
38182300
38182304
38182306
38182308
38182330
38182332
38182334
38182336
38182338
38182340
38182390
38182392
38182394
38182398
38182400
38182436
38182438
38182442
38182558
38182560
38182562
38182564
38182566
